
B.p = 89531.300001
B.u = 0.000000

E.p = 64621.000002
E.u = 58.382028

El2.p = 32594.253327
El2.u = 214.256340

B.p = 89531.300001
B.u = 0.000000

E.p = 64621.000002
E.u = 58.382028

El2.p = 32594.253327
El2.u = 214.256340

CONFIG B - Sonic
El2.p4=32594.253327
El2.u4=214.256340

NL1.p3=30821.753327
NL1.u3=222.725915

NL1.p'3=30821.753327
NL1.u'3=222.725915

E.p5=64621.000002
E.u5=58.382028

1.p1=13975.000000
1.u1=150.000000

2.p2=53975.000000
2.u2=90.000000

CHECK: 1