
C1.p = 515284.399962
C1.u = 0.000000

C2.p = 125541.669795
C2.u = -545.233469

H.p = 530509.803312
H.u = -99.677010

C1.p = 515284.399962
C1.u = 0.000000

C2.p = 125541.669795
C2.u = -545.233469

H.p = 530509.803312
H.u = -99.677010

CONFIG A1
p4=273782.800019
u4=-268.233366

p3=343450.887006
u3=-112.426897

p5=343450.887006
u5=-112.426897

p1=353975.000000
u1=-170.000000

p2=303975.000000
u2=-150.000000

HECK: 