L1_1.p = 309773.199998
L1_1.u = 462.451502
