L2_1.p = 309773.199998
L2_1.u = 139.848211
