pl2_1.p = 158895.695044
pl2_1.u = 463.443345
