
B.p = 432727.999970
B.u = 0.000000

E.p = 311037.070008
E.u = 138.160554

El2.p = 156884.310884
El2.u = 470.059594

CONFIG A
NL1_4.p4 =0.000000
NL1_4.u4 =0.000000

NL1_3.p3 =0.000000
NL1_3.u3 =0.000000

NL2.p5 =0.000000
NL2.u5 =0.000000

1.p1 =102975.000000
1.u1 =180.000000

2.p2 =302275.000000
2.u2 =150.000000

CHECK: 1