
B.p = 432727.999970
B.u = 0.000000

E.p = 302275.000000
E.u = 150.000000

El2.p = 152464.801289
El2.u = 463.391389

CONFIG A - SUBSONIC
CONFIG NUMBER: 11

NL1_4.p4 =158895.695044
NL1_4.u4 =463.443345

NL1_3.p3 =158895.695044
NL1_3.u3 =463.443345

NL2_5.p5 =309773.199998
NL2_5.u5 =139.848211

1.p1 =102975.000000
1.u1 =180.000000

2.p2 =302275.000000
2.u2 =150.000000

CHECK: 1