
B.p = 434730.799970
B.u = 0.000000
