
B.p = 434730.799970
B.u = 0.000000

E.p = 303975.000000
E.u = 150.000000

El2.p = 153322.266055
El2.u = 464.692623

CONFIG A - SUBSONIC
CONFIG NUMBER: 12

NL1_4.p4 =331801.263453
NL1_4.u4 =175.193825

NL1_3.p3 =331801.263453
NL1_3.u3 =175.193825

NL2_5.p5 =357302.499988
NL2_5.u5 =82.659513

1.p1 =353975.000000
1.u1 =170.000000

2.p2 =303975.000000
2.u2 =150.000000

CHECK: 1