
C1.p = 138432.200002
C1.u = 0.000000

C2.p = 32618.610013
C2.u = -295.502211

H.p = 153082.298528
H.u = -50.956628

C1.p = 138432.200002
C1.u = 0.000000

C2.p = 32618.610013
C2.u = -295.502211

H.p = 153082.298528
H.u = -50.956628

CONFIG B1
C2.p4=32618.610013
C2.u4=-295.502211

NL2_3.p3=198930.612344
NL2_3.u3=-42.709880

NL2_31.p'3=198930.612344
NL2_31.u'3=-42.709880

F.p5=11394.912337
F.u5=-338.587074

1.p1=103975.000000
1.u1=-70.000000

2.p2=203975.000000
2.u2=-50.000000

CHECK: 1