
B.p = 434730.799970
B.u = 0.000000

E.p = 312469.560008
E.u = 138.548510

El2.p = 157606.846003
El2.u = 471.140787

B.p = 434730.799970
B.u = 0.000000

E.p = 312469.560008
E.u = 138.548510

El2.p = 157606.846003
El2.u = 471.140787

CONFIG A - Subsonic
NL1_4.p4 =331801.263476
NL1_4.u4 =175.193825

NL1_3.p3 =331801.263476
NL1_3.u3 =175.193825

NL2.p5 =357302.500000
NL2.u5 =82.659513

1.p1 =353975.000000
1.u1 =170.000000

2.p2 =303975.000000
2.u2 =150.000000

CHECK: 1