
C1.p = 138432.200002
C1.u = 0.000000

C2.p = 32618.610013
C2.u = -295.502211

H.p = 153082.298528
H.u = -50.956628

CONFIG B1 - SUBSONIC
CONFIG NUMBER: 28
C2_4.p4=32618.610013
C2_4.u4=-295.502211

NL2_3.p3=194700.912337
NL2_3.u3=-46.288680

NL2_31.p'3=194700.912337
NL2_31.u'3=-46.288680

F_5.p5=11394.912337
F_5.u5=-338.587074

1.p1=103975.000000
1.u1=-70.000000

2.p2=203975.000000
2.u2=-50.000000

CHECK: 1