
C1.p = 138432.200002
C1.u = 0.000000

C2.p = 32618.610013
C2.u = -295.502211

H.p = 153082.298528
H.u = -50.956628

C1.p = 138432.200002
C1.u = 0.000000

C2.p = 32618.610013
C2.u = -295.502211

H.p = 153082.298528
H.u = -50.956628

CONFIG B1
p4=32618.610013
u4=-295.502211

p3=198930.612344
u3=-42.709880

p'3=198930.612344
u'3=-42.709880

p5=11394.912337
u5=-338.587074

p1=103975.000000
u1=-70.000000

p2=203975.000000
u2=-50.000000

CHECK: 1