
C1.p = 57596.500000
C1.u = 0.000000

C2.p = 16277.020002
C2.u = -147.697799

H.p = 43867.523266
H.u = -35.637959

C1.p = 57596.500000
C1.u = 0.000000

C2.p = 16277.020002
C2.u = -147.697799

H.p = 43867.523266
H.u = -35.637959

CONFIG A1
NL2.p4=28754.000000
NL2.u4=-87.638456

NL1_3.p3=36206.461566
NL1_3.u3=-36.626799

NL1_5.p5=36206.461566
NL1_5.u5=-36.626799

1.p1=25975.000000
1.u1=-100.000000

2.p2=32275.000000
2.u2=-50.000000

CHECK: 1