
C1.p = 205622.200006
C1.u = 0.000000

C2.p = 55856.090018
C2.u = -295.502171

H.p = 168825.493943
H.u = -66.170222

C1.p = 205622.200006
C1.u = 0.000000

C2.p = 55856.090018
C2.u = -295.502171

H.p = 168825.493943
H.u = -66.170222

CONFIG A1
p4=71585.599998
u4=-246.720728

p3=142960.310457
u3=-73.179318

p5=142960.310457
u5=-73.179318

p1=103975.000000
u1=-170.000000

p2=103975.000000
u2=-150.000000

CHECK: 1