
C1.p = 205622.200006
C1.u = 0.000000

C2.p = 55856.090018
C2.u = -295.502171

H.p = 168825.493943
H.u = -66.170222

CONFIG A1 - SUBSONIC
CONFIG NUMBER: 21
NL2_4.p4=75571.000000
NL2_4.u4=-235.836812

NL1_3.p3=139130.693419
NL1_3.u3=-74.164892

NL1_5.p5=139130.693419
NL1_5.u5=-74.164892

1.p1=103975.000000
1.u1=-170.000000

2.p2=103975.000000
2.u2=-150.000000

CHECK: 1