cl1_2.p = 36171.214796
cl1_2.u = -38.582490
