L1_2.p = 26145.000000
L1_2.u = -99.207940
