L2_2.p = 26145.000000
L2_2.u = -25.598640
