
C1.p = 57596.500000
C1.u = 0.000000

C2.p = 16277.020002
C2.u = -147.697799

H.p = 43867.523266
H.u = -35.637959

CONFIG A1 - SUBSONIC
CONFIG NUMBER: 24
NL2_4.p4=26750.000000
NL2_4.u4=-96.429120

NL1_3.p3=36108.395963
NL1_3.u3=-38.211075

NL1_5.p5=36108.395963
NL1_5.u5=-38.211075

1.p1=25975.000000
1.u1=-100.000000

2.p2=32275.000000
2.u2=-50.000000

CHECK: 1