
B.p = 89531.300001
B.u = 0.000000

E.p = 64621.000002
E.u = 58.382028

El2.p = 32594.253327
El2.u = 214.256340

B.p = 89531.300001
B.u = 0.000000

E.p = 64621.000002
E.u = 58.382028

El2.p = 32594.253327
El2.u = 214.256340

CONFIG B
p4=32594.253327
u4=214.256340

p3=30821.753327
u3=222.725915

p'3=30821.753327
u'3=222.725915

p5=64621.000002
u5=58.382028

p1=13975.000000
u1=150.000000

p2=53975.000000
u2=90.000000

CHECK: 1