
B.p = 89531.300001
B.u = 0.000000

E.p = 53975.000000
E.u = 90.000000

El2.p = 27224.506326
El2.u = 195.813744

CONFIG B - SONIC
CONFIG NUMBER: 15

El2_4.p4=27224.506326
El2_4.u4=195.813744

NL1_3.p3=26132.506326
NL1_3.u3=202.021247

NL1.p'3=26132.506326
NL1.u'3=202.021247

E_5.p5=53975.000000
E_5.u5=90.000000

1.p1=13975.000000
1.u1=150.000000

2.p2=53975.000000
2.u2=90.000000

CHECK: 1